6.6770e-02 3.3774e+05
7.3730e-02 3.1282e+05
7.9710e-02 2.8367e+05
8.5570e-02 2.5584e+05
9.1660e-02 2.3034e+05
9.8050e-02 2.0712e+05
1.0480e-01 1.8604e+05
1.1230e-01 1.6728e+05
1.2040e-01 1.5040e+05
1.2950e-01 1.3578e+05
1.4040e-01 1.2312e+05
1.5380e-01 1.1290e+05
1.7080e-01 1.0534e+05
1.9320e-01 1.0142e+05
2.2280e-01 1.0213e+05
2.6140e-01 1.0873e+05
3.1000e-01 1.2231e+05
3.6860e-01 1.4402e+05
4.3520e-01 1.7325e+05
5.0750e-01 2.0991e+05
5.8380e-01 2.5289e+05
6.6180e-01 3.0048e+05
7.4140e-01 3.5216e+05
8.2290e-01 4.0722e+05
9.0690e-01 4.6572e+05
9.9480e-01 5.2826e+05
1.2900e+00 9.1909e+05
1.3710e+00 9.6400e+05
1.4610e+00 1.0184e+06
1.5600e+00 1.0835e+06
1.6690e+00 1.1592e+06
1.7890e+00 1.2472e+06
1.9180e+00 1.3475e+06
2.0580e+00 1.4598e+06
2.2080e+00 1.5852e+06
2.3680e+00 1.7229e+06
2.5340e+00 1.8656e+06
2.7130e+00 2.0288e+06
2.9030e+00 2.2050e+06
3.1020e+00 2.3933e+06
3.3070e+00 2.5849e+06
3.5170e+00 2.7782e+06
3.7280e+00 2.9632e+06
3.9370e+00 3.1305e+06
4.1400e+00 3.2702e+06
4.3370e+00 3.3805e+06
4.5240e+00 3.4537e+06
4.7020e+00 3.4905e+06
4.8710e+00 3.4928e+06
5.0310e+00 3.4650e+06
5.1840e+00 3.4092e+06
5.3320e+00 3.3346e+06
5.4750e+00 3.2442e+06
5.6150e+00 3.1424e+06
5.7530e+00 3.0324e+06
5.8920e+00 2.9189e+06
6.0310e+00 2.8003e+06
6.1720e+00 2.6812e+06
6.3160e+00 2.5628e+06
6.4630e+00 2.4450e+06
6.6140e+00 2.3301e+06
6.7700e+00 2.2178e+06
6.9320e+00 2.1060e+06
7.1000e+00 1.9996e+06
7.2750e+00 1.8958e+06
7.4580e+00 1.7966e+06
7.6510e+00 1.7008e+06
7.8550e+00 1.6092e+06
8.0700e+00 1.5218e+06
8.3000e+00 1.4379e+06
8.5470e+00 1.3579e+06
8.8120e+00 1.2815e+06
9.1000e+00 1.2092e+06
9.4130e+00 1.1396e+06
9.7560e+00 1.0733e+06
1.0130e+01 1.0102e+06
1.0550e+01 9.4926e+05
1.1020e+01 8.9068e+05
1.1540e+01 8.3456e+05
1.2120e+01 7.8031e+05
1.2780e+01 7.2819e+05
1.3520e+01 6.7777e+05
1.4370e+01 6.2946e+05
1.5330e+01 5.8283e+05
1.6440e+01 5.3824e+05
1.7700e+01 4.9583e+05
1.9140e+01 4.5542e+05
2.0800e+01 4.1732e+05
2.2700e+01 3.8141e+05
2.4880e+01 3.4767e+05
2.7380e+01 3.1631e+05
3.0250e+01 2.8718e+05
3.3550e+01 2.6033e+05
3.7350e+01 2.3543e+05
4.1740e+01 2.1252e+05
4.6840e+01 1.9153e+05
5.2800e+01 1.7223e+05
5.9810e+01 1.5447e+05
6.8120e+01 1.3811e+05
7.8060e+01 1.2309e+05
