6.6770e-02 0.0000e+00
7.3730e-02 0.0000e+00
7.9710e-02 0.0000e+00
8.5570e-02 0.0000e+00
9.1660e-02 0.0000e+00
9.8050e-02 0.0000e+00
1.0480e-01 0.0000e+00
1.1230e-01 0.0000e+00
1.2040e-01 0.0000e+00
1.2950e-01 0.0000e+00
1.4040e-01 0.0000e+00
1.5380e-01 1.5863e-09
1.7080e-01 4.1266e-09
1.9320e-01 1.2831e-08
2.2280e-01 3.0032e-07
2.6140e-01 1.1426e-06
3.1000e-01 4.6782e-06
3.6860e-01 2.2097e-05
4.3520e-01 1.0001e-04
5.0750e-01 4.6148e-04
5.8380e-01 2.0576e-03
6.6180e-01 8.3451e-03
7.4140e-01 3.0354e-02
8.2290e-01 9.8652e-02
9.0690e-01 2.8763e-01
9.9480e-01 7.5979e-01
1.2900e+00 5.1643e+01
1.3710e+00 5.0403e+01
1.4610e+00 5.1695e+01
1.5600e+00 5.6834e+01
1.6690e+00 6.7663e+01
1.7890e+00 8.6622e+01
1.9180e+00 1.1624e+02
2.0580e+00 1.5885e+02
2.2080e+00 2.1629e+02
2.3680e+00 2.8930e+02
2.5340e+00 3.7285e+02
2.7130e+00 4.7298e+02
2.9030e+00 5.8167e+02
3.1020e+00 6.9473e+02
3.3070e+00 8.0468e+02
3.5170e+00 9.0668e+02
3.7280e+00 9.9489e+02
3.9370e+00 1.0652e+03
4.1400e+00 1.1131e+03
4.3370e+00 1.1411e+03
4.5240e+00 1.1477e+03
4.7020e+00 1.1366e+03
4.8710e+00 1.1103e+03
5.0310e+00 1.0719e+03
5.1840e+00 1.0255e+03
5.3320e+00 9.7293e+02
5.4750e+00 9.1768e+02
5.6150e+00 8.6060e+02
5.7530e+00 8.0359e+02
5.8920e+00 7.4781e+02
6.0310e+00 6.9334e+02
6.1720e+00 6.4119e+02
6.3160e+00 5.9137e+02
6.4630e+00 5.4412e+02
6.6140e+00 4.9970e+02
6.7700e+00 4.5822e+02
6.9320e+00 4.1912e+02
7.1000e+00 3.8310e+02
7.2750e+00 3.4946e+02
7.4580e+00 3.1858e+02
7.6510e+00 2.9020e+02
7.8550e+00 2.6408e+02
8.0700e+00 2.4015e+02
8.3000e+00 2.1809e+02
8.5470e+00 1.9787e+02
8.8120e+00 1.7923e+02
9.1000e+00 1.6218e+02
9.4130e+00 1.4645e+02
9.7560e+00 1.3196e+02
1.0130e+01 1.1864e+02
1.0550e+01 1.0631e+02
1.1020e+01 9.4995e+01
1.1540e+01 8.4636e+01
1.2120e+01 7.5094e+01
1.2780e+01 6.6412e+01
1.3520e+01 5.8504e+01
1.4370e+01 5.1343e+01
1.5330e+01 4.4897e+01
1.6440e+01 3.9107e+01
1.7700e+01 3.3971e+01
1.9140e+01 2.9398e+01
2.0800e+01 2.5402e+01
2.2700e+01 2.1891e+01
2.4880e+01 1.8838e+01
2.7380e+01 1.6193e+01
3.0250e+01 1.3909e+01
3.3550e+01 1.1960e+01
3.7350e+01 1.0278e+01
4.1740e+01 8.8352e+00
4.6840e+01 7.6045e+00
5.2800e+01 6.5532e+00
5.9810e+01 5.6478e+00
6.8120e+01 4.8747e+00
7.8060e+01 4.2045e+00
