6.6770e-02 0.0000e+00
7.3730e-02 0.0000e+00
7.9710e-02 0.0000e+00
8.5570e-02 0.0000e+00
9.1660e-02 0.0000e+00
9.8050e-02 0.0000e+00
1.0480e-01 0.0000e+00
1.1230e-01 0.0000e+00
1.2040e-01 0.0000e+00
1.2950e-01 0.0000e+00
1.4040e-01 0.0000e+00
1.5380e-01 2.7566e-12
1.7080e-01 7.3762e-12
1.9320e-01 2.3455e-11
2.2280e-01 4.0096e-09
2.6140e-01 1.5232e-08
3.1000e-01 6.2829e-08
3.6860e-01 3.1737e-07
4.3520e-01 1.4596e-06
5.0750e-01 6.9046e-06
5.8380e-01 3.2086e-05
6.6180e-01 1.3672e-04
7.4140e-01 5.2837e-04
8.2290e-01 1.8460e-03
9.0690e-01 5.8512e-03
9.9480e-01 1.6934e-02
1.2900e+00 6.0265e+00
1.3710e+00 5.6061e+00
1.4610e+00 5.2997e+00
1.5600e+00 5.1764e+00
1.6690e+00 5.3198e+00
1.7890e+00 5.8721e+00
1.9180e+00 6.9945e+00
2.0580e+00 8.8691e+00
2.2080e+00 1.1670e+01
2.3680e+00 1.5537e+01
2.5340e+00 2.0309e+01
2.7130e+00 2.6428e+01
2.9030e+00 3.3639e+01
3.1020e+00 4.1744e+01
3.3070e+00 5.0342e+01
3.5170e+00 5.9207e+01
3.7280e+00 6.7790e+01
3.9370e+00 7.5735e+01
4.1400e+00 8.2516e+01
4.3370e+00 8.8059e+01
4.5240e+00 9.2090e+01
4.7020e+00 9.4632e+01
4.8710e+00 9.5725e+01
5.0310e+00 9.5496e+01
5.1840e+00 9.4237e+01
5.3320e+00 9.2081e+01
5.4750e+00 8.9275e+01
5.6150e+00 8.5949e+01
5.7530e+00 8.2274e+01
5.8920e+00 7.8399e+01
6.0310e+00 7.4375e+01
6.1720e+00 7.0304e+01
6.3160e+00 6.6231e+01
6.4630e+00 6.2208e+01
6.6140e+00 5.8287e+01
6.7700e+00 5.4496e+01
6.9320e+00 5.0812e+01
7.1000e+00 4.7318e+01
7.2750e+00 4.3960e+01
7.4580e+00 4.0811e+01
7.6510e+00 3.7845e+01
7.8550e+00 3.5049e+01
8.0700e+00 3.2429e+01
8.3000e+00 2.9977e+01
8.5470e+00 2.7684e+01
8.8120e+00 2.5537e+01
9.1000e+00 2.3538e+01
9.4130e+00 2.1665e+01
9.7560e+00 1.9919e+01
1.0130e+01 1.8278e+01
1.0550e+01 1.6732e+01
1.1020e+01 1.5289e+01
1.1540e+01 1.3934e+01
1.2120e+01 1.2664e+01
1.2780e+01 1.1476e+01
1.3520e+01 1.0367e+01
1.4370e+01 9.3396e+00
1.5330e+01 8.3845e+00
1.6440e+01 7.5059e+00
1.7700e+01 6.7008e+00
1.9140e+01 5.9657e+00
2.0800e+01 5.3007e+00
2.2700e+01 4.7003e+00
2.4880e+01 4.1610e+00
2.7380e+01 3.6802e+00
3.0250e+01 3.2512e+00
3.3550e+01 2.8716e+00
3.7350e+01 2.5341e+00
4.1740e+01 2.2353e+00
4.6840e+01 1.9711e+00
5.2800e+01 1.7376e+00
5.9810e+01 1.5299e+00
6.8120e+01 1.3444e+00
7.8060e+01 1.1790e+00
