6.6770e-02 0.0000e+00
7.3730e-02 0.0000e+00
7.9710e-02 0.0000e+00
8.5570e-02 0.0000e+00
9.1660e-02 0.0000e+00
9.8050e-02 0.0000e+00
1.0480e-01 0.0000e+00
1.1230e-01 0.0000e+00
1.2040e-01 0.0000e+00
1.2950e-01 0.0000e+00
1.4040e-01 0.0000e+00
1.5380e-01 0.0000e+00
1.7080e-01 0.0000e+00
1.9320e-01 0.0000e+00
2.2280e-01 1.6177e-08
2.6140e-01 6.1010e-08
3.1000e-01 2.5421e-07
3.6860e-01 1.3387e-06
4.3520e-01 6.2528e-06
5.0750e-01 3.0278e-05
5.8380e-01 1.4419e-04
6.6180e-01 6.2894e-04
7.4140e-01 2.4483e-03
8.2290e-01 8.4313e-03
9.0690e-01 2.5763e-02
9.9480e-01 7.0504e-02
1.2900e+00 2.8279e+01
1.3710e+00 2.6169e+01
1.4610e+00 2.4394e+01
1.5600e+00 2.3102e+01
1.6690e+00 2.2463e+01
1.7890e+00 2.2737e+01
1.9180e+00 2.4212e+01
2.0580e+00 2.7193e+01
2.2080e+00 3.2066e+01
2.3680e+00 3.9229e+01
2.5340e+00 4.8667e+01
2.7130e+00 6.1644e+01
2.9030e+00 7.8238e+01
3.1020e+00 9.8677e+01
3.3070e+00 1.2264e+02
3.5170e+00 1.4984e+02
3.7280e+00 1.7923e+02
3.9370e+00 2.0943e+02
4.1400e+00 2.3853e+02
4.3370e+00 2.6565e+02
4.5240e+00 2.8915e+02
4.7020e+00 3.0803e+02
4.8710e+00 3.2210e+02
5.0310e+00 3.3126e+02
5.1840e+00 3.3576e+02
5.3320e+00 3.3620e+02
5.4750e+00 3.3293e+02
5.6150e+00 3.2682e+02
5.7530e+00 3.1809e+02
5.8920e+00 3.0765e+02
6.0310e+00 2.9574e+02
6.1720e+00 2.8286e+02
6.3160e+00 2.6918e+02
6.4630e+00 2.5502e+02
6.6140e+00 2.4077e+02
6.7700e+00 2.2649e+02
6.9320e+00 2.1231e+02
7.1000e+00 1.9847e+02
7.2750e+00 1.8497e+02
7.4580e+00 1.7203e+02
7.6510e+00 1.5973e+02
7.8550e+00 1.4799e+02
8.0700e+00 1.3685e+02
8.3000e+00 1.2634e+02
8.5470e+00 1.1645e+02
8.8120e+00 1.0714e+02
9.1000e+00 9.8414e+01
9.4130e+00 9.0257e+01
9.7560e+00 8.2562e+01
1.0130e+01 7.5339e+01
1.0550e+01 6.8531e+01
1.1020e+01 6.2119e+01
1.1540e+01 5.6116e+01
1.2120e+01 5.0470e+01
1.2780e+01 4.5171e+01
1.3520e+01 4.0254e+01
1.4370e+01 3.5687e+01
1.5330e+01 3.1462e+01
1.6440e+01 2.7589e+01
1.7700e+01 2.4087e+01
1.9140e+01 2.0907e+01
2.0800e+01 1.8064e+01
2.2700e+01 1.5539e+01
2.4880e+01 1.3307e+01
2.7380e+01 1.1366e+01
3.0250e+01 9.6643e+00
3.3550e+01 8.2074e+00
3.7350e+01 6.9491e+00
4.1740e+01 5.8709e+00
4.6840e+01 4.9571e+00
5.2800e+01 4.1809e+00
5.9810e+01 3.5208e+00
6.8120e+01 2.9607e+00
7.8060e+01 2.4864e+00
