6.6770e-02 2.1640e+07
7.3730e-02 2.1558e+07
7.9710e-02 2.0851e+07
8.5570e-02 2.0010e+07
9.1660e-02 1.9163e+07
9.8050e-02 1.8330e+07
1.0480e-01 1.7522e+07
1.1230e-01 1.6790e+07
1.2040e-01 1.6079e+07
1.2950e-01 1.5451e+07
1.4040e-01 1.4913e+07
1.5380e-01 1.4518e+07
1.7080e-01 1.4268e+07
1.9320e-01 1.4216e+07
2.2280e-01 1.4410e+07
2.6140e-01 1.4869e+07
3.1000e-01 1.5585e+07
3.6860e-01 1.6552e+07
4.3520e-01 1.7621e+07
5.0750e-01 1.8749e+07
5.8380e-01 1.9817e+07
6.6180e-01 2.0710e+07
7.4140e-01 2.1404e+07
8.2290e-01 2.1862e+07
9.0690e-01 2.2105e+07
9.9480e-01 2.2150e+07
1.2900e+00 2.3906e+07
1.3710e+00 2.3409e+07
1.4610e+00 2.2857e+07
1.5600e+00 2.2292e+07
1.6690e+00 2.1702e+07
1.7890e+00 2.1122e+07
1.9180e+00 2.0557e+07
2.0580e+00 1.9995e+07
2.2080e+00 1.9448e+07
2.3680e+00 1.8914e+07
2.5340e+00 1.8367e+07
2.7130e+00 1.7862e+07
2.9030e+00 1.7368e+07
3.1020e+00 1.6895e+07
3.3070e+00 1.6406e+07
3.5170e+00 1.5921e+07
3.7280e+00 1.5416e+07
3.9370e+00 1.4888e+07
4.1400e+00 1.4305e+07
4.3370e+00 1.3709e+07
4.5240e+00 1.3070e+07
4.7020e+00 1.2411e+07
4.8710e+00 1.1739e+07
5.0310e+00 1.1055e+07
5.1840e+00 1.0380e+07
5.3320e+00 9.7167e+06
5.4750e+00 9.0759e+06
5.6150e+00 8.4580e+06
5.7530e+00 7.8685e+06
5.8920e+00 7.3124e+06
6.0310e+00 6.7838e+06
6.1720e+00 6.2881e+06
6.3160e+00 5.8208e+06
6.4630e+00 5.3838e+06
6.6140e+00 4.9770e+06
6.7700e+00 4.5976e+06
6.9320e+00 4.2414e+06
7.1000e+00 3.9133e+06
7.2750e+00 3.6063e+06
7.4580e+00 3.3233e+06
7.6510e+00 3.0621e+06
7.8550e+00 2.8197e+06
8.0700e+00 2.5965e+06
8.3000e+00 2.3891e+06
8.5470e+00 2.1981e+06
8.8120e+00 2.0203e+06
9.1000e+00 1.8575e+06
9.4130e+00 1.7058e+06
9.7560e+00 1.5655e+06
1.0130e+01 1.4359e+06
1.0550e+01 1.3146e+06
1.1020e+01 1.2024e+06
1.1540e+01 1.0982e+06
1.2120e+01 1.0012e+06
1.2780e+01 9.1093e+05
1.3520e+01 8.2708e+05
1.4370e+01 7.4961e+05
1.5330e+01 6.7762e+05
1.6440e+01 6.1116e+05
1.7700e+01 5.5012e+05
1.9140e+01 4.9394e+05
2.0800e+01 4.4271e+05
2.2700e+01 3.9594e+05
2.4880e+01 3.5349e+05
2.7380e+01 3.1505e+05
3.0250e+01 2.8031e+05
3.3550e+01 2.4914e+05
3.7350e+01 2.2100e+05
4.1740e+01 1.9573e+05
4.6840e+01 1.7313e+05
5.2800e+01 1.5280e+05
5.9810e+01 1.3457e+05
6.8120e+01 1.1818e+05
7.8060e+01 1.0343e+05
