6.6770e-02 7.1544e+06
7.3730e-02 7.1052e+06
7.9710e-02 6.8565e+06
8.5570e-02 6.5592e+06
9.1660e-02 6.2601e+06
9.8050e-02 5.9672e+06
1.0480e-01 5.6795e+06
1.1230e-01 5.4170e+06
1.2040e-01 5.1584e+06
1.2950e-01 4.9240e+06
1.4040e-01 4.7116e+06
1.5380e-01 4.5377e+06
1.7080e-01 4.3967e+06
1.9320e-01 4.3019e+06
2.2280e-01 4.2631e+06
2.6140e-01 4.2819e+06
3.1000e-01 4.3560e+06
3.6860e-01 4.4862e+06
4.3520e-01 4.6389e+06
5.0750e-01 4.8082e+06
5.8380e-01 4.9717e+06
6.6180e-01 5.1085e+06
7.4140e-01 5.2097e+06
8.2290e-01 5.2749e+06
9.0690e-01 5.3073e+06
9.9480e-01 5.3035e+06
1.2900e+00 5.7777e+06
1.3710e+00 5.6752e+06
1.4610e+00 5.5726e+06
1.5600e+00 5.4708e+06
1.6690e+00 5.3756e+06
1.7890e+00 5.2845e+06
1.9180e+00 5.2049e+06
2.0580e+00 5.1283e+06
2.2080e+00 5.0523e+06
2.3680e+00 4.9791e+06
2.5340e+00 4.9020e+06
2.7130e+00 4.8303e+06
2.9030e+00 4.7570e+06
3.1020e+00 4.6840e+06
3.3070e+00 4.5996e+06
3.5170e+00 4.5092e+06
3.7280e+00 4.4056e+06
3.9370e+00 4.2859e+06
4.1400e+00 4.1452e+06
4.3370e+00 3.9948e+06
4.5240e+00 3.8249e+06
4.7020e+00 3.6440e+06
4.8710e+00 3.4551e+06
5.0310e+00 3.2602e+06
5.1840e+00 3.0656e+06
5.3320e+00 2.8724e+06
5.4750e+00 2.6844e+06
5.6150e+00 2.5024e+06
5.7530e+00 2.3265e+06
5.8920e+00 2.1614e+06
6.0310e+00 2.0030e+06
6.1720e+00 1.8542e+06
6.3160e+00 1.7141e+06
6.4630e+00 1.5830e+06
6.6140e+00 1.4597e+06
6.7700e+00 1.3452e+06
6.9320e+00 1.2378e+06
7.1000e+00 1.1391e+06
7.2750e+00 1.0462e+06
7.4580e+00 9.6105e+05
7.6510e+00 8.8179e+05
7.8550e+00 8.0937e+05
8.0700e+00 7.4153e+05
8.3000e+00 6.7965e+05
8.5470e+00 6.2175e+05
8.8120e+00 5.6841e+05
9.1000e+00 5.1967e+05
9.4130e+00 4.7397e+05
9.7560e+00 4.3207e+05
1.0130e+01 3.9326e+05
1.0550e+01 3.5711e+05
1.1020e+01 3.2345e+05
1.1540e+01 2.9238e+05
1.2120e+01 2.6363e+05
1.2780e+01 2.3714e+05
1.3520e+01 2.1237e+05
1.4370e+01 1.8991e+05
1.5330e+01 1.6900e+05
1.6440e+01 1.4985e+05
1.7700e+01 1.3259e+05
1.9140e+01 1.1682e+05
2.0800e+01 1.0265e+05
2.2700e+01 8.9900e+04
2.4880e+01 7.8510e+04
2.7380e+01 6.8383e+04
3.0250e+01 5.9406e+04
3.3550e+01 5.1517e+04
3.7350e+01 4.4555e+04
4.1740e+01 3.8443e+04
4.6840e+01 3.3106e+04
5.2800e+01 2.8439e+04
5.9810e+01 2.4354e+04
6.8120e+01 2.0778e+04
7.8060e+01 1.7656e+04
