          R#    E/N (Td) Energy (eV)      C1          C2          C3    
           1         NaN  0.1000E-01  0.2481E-14   0.000       0.000    
           2         NaN  0.1334E-01  0.2535E-14   0.000       0.000    
           3         NaN  0.1778E-01  0.2549E-14   0.000       0.000    
           4         NaN  0.2371E-01  0.2516E-14   0.000       0.000    
           5         NaN  0.3162E-01  0.2426E-14   0.000       0.000    
           6  0.1151E-02  0.4217E-01  0.2275E-14   0.000       0.000    
           7  0.1994E-02  0.5623E-01  0.2066E-14   0.000       0.000    
           8  0.2211E-02  0.7499E-01  0.1818E-14   0.000       0.000    
           9  0.2383E-02  0.1000      0.1565E-14   0.000       0.000    
          10  0.2850E-02  0.1334      0.1360E-14   0.000       0.000    
          11  0.4033E-02  0.1778      0.1268E-14   0.000       0.000    
          12  0.6536E-02  0.2371      0.1372E-14   0.000       0.000    
          13  0.1132E-01  0.3162      0.1772E-14   0.000       0.000    
          14  0.2007E-01  0.4217      0.2590E-14   0.000       0.000    
          15  0.3589E-01  0.5623      0.3992E-14   0.000       0.000    
          16  0.6450E-01  0.7499      0.6227E-14  0.9088E-25   0.000    
          17  0.1166       1.000      0.9695E-14  0.1371E-21  0.1923E-25
          18  0.2260       1.334      0.1505E-13  0.1313E-19  0.2588E-21
          19  0.7135       1.778      0.2333E-13  0.4338E-18  0.2811E-19
          20   3.202       2.371      0.3612E-13  0.6553E-17  0.9857E-18
          21   12.40       3.162      0.5515E-13  0.5461E-16  0.1496E-16
          22   39.60       4.217      0.8129E-13  0.2866E-15  0.1209E-15
          23   106.6       5.623      0.1133E-12  0.1043E-14  0.6065E-15
          24   241.9       7.499      0.1479E-12  0.2831E-14  0.2121E-14
          25   469.3       10.00      0.1812E-12  0.6073E-14  0.5631E-14