5.000e-01 1.051e+26 3.504e+25
5.211e-01 9.946e+25 3.455e+25
5.431e-01 9.395e+25 3.401e+25
5.660e-01 8.859e+25 3.342e+25
5.899e-01 8.352e+25 3.284e+25
6.149e-01 7.873e+25 3.227e+25
6.408e-01 7.419e+25 3.169e+25
6.679e-01 6.971e+25 3.103e+25
6.961e-01 6.572e+25 3.049e+25
7.255e-01 6.170e+25 2.983e+25
7.561e-01 5.799e+25 2.922e+25
7.880e-01 5.453e+25 2.864e+25
8.213e-01 5.113e+25 2.799e+25
8.560e-01 4.812e+25 2.745e+25
8.921e-01 4.503e+25 2.678e+25
9.298e-01 4.231e+25 2.622e+25
9.691e-01 3.963e+25 2.560e+25
1.010e+00 3.718e+25 2.503e+25
1.053e+00 3.483e+25 2.444e+25
1.097e+00 3.265e+25 2.388e+25
1.143e+00 3.059e+25 2.331e+25
1.192e+00 2.868e+25 2.278e+25
1.242e+00 2.683e+25 2.221e+25
1.294e+00 2.518e+25 2.173e+25
1.349e+00 2.351e+25 2.114e+25
1.406e+00 2.207e+25 2.069e+25
1.465e+00 2.062e+25 2.014e+25
1.527e+00 1.933e+25 1.968e+25
1.592e+00 1.808e+25 1.918e+25
1.659e+00 1.691e+25 1.870e+25
1.729e+00 1.589e+25 1.832e+25
1.802e+00 1.481e+25 1.779e+25
1.878e+00 1.388e+25 1.738e+25
1.957e+00 1.301e+25 1.698e+25
2.040e+00 1.214e+25 1.651e+25
2.126e+00 1.138e+25 1.613e+25
2.216e+00 1.066e+25 1.575e+25
2.310e+00 9.957e+24 1.533e+25
2.407e+00 9.329e+24 1.497e+25
2.509e+00 8.732e+24 1.460e+25
2.615e+00 8.162e+24 1.422e+25
2.725e+00 7.637e+24 1.387e+25
2.840e+00 7.139e+24 1.351e+25
2.960e+00 6.680e+24 1.318e+25
3.085e+00 6.239e+24 1.283e+25
3.215e+00 5.830e+24 1.249e+25
3.351e+00 5.433e+24 1.213e+25
3.493e+00 5.073e+24 1.181e+25
3.640e+00 4.730e+24 1.148e+25
3.794e+00 4.402e+24 1.113e+25
3.954e+00 4.092e+24 1.078e+25
4.121e+00 3.810e+24 1.046e+25
4.295e+00 3.544e+24 1.015e+25
4.476e+00 3.290e+24 9.817e+24
4.665e+00 3.055e+24 9.501e+24
4.862e+00 2.840e+24 9.206e+24
5.067e+00 2.643e+24 8.929e+24
5.281e+00 2.459e+24 8.659e+24
5.504e+00 2.289e+24 8.401e+24
5.737e+00 2.135e+24 8.167e+24
5.979e+00 1.994e+24 7.950e+24
6.232e+00 1.866e+24 7.751e+24
6.495e+00 1.747e+24 7.566e+24
6.769e+00 1.639e+24 7.398e+24
7.055e+00 1.541e+24 7.247e+24
7.353e+00 1.451e+24 7.112e+24
7.663e+00 1.369e+24 6.992e+24
7.987e+00 1.294e+24 6.888e+24
8.324e+00 1.225e+24 6.799e+24
8.675e+00 1.163e+24 6.725e+24
9.042e+00 1.105e+24 6.665e+24
9.423e+00 1.053e+24 6.619e+24
9.821e+00 1.006e+24 6.588e+24
1.024e+01 9.628e+23 6.571e+24
1.067e+01 9.233e+23 6.567e+24
1.112e+01 8.872e+23 6.577e+24
1.159e+01 8.544e+23 6.601e+24
1.208e+01 8.245e+23 6.639e+24
1.259e+01 7.971e+23 6.690e+24
1.312e+01 7.721e+23 6.753e+24
1.367e+01 7.492e+23 6.830e+24
1.425e+01 7.282e+23 6.919e+24
1.485e+01 7.090e+23 7.021e+24
1.548e+01 6.914e+23 7.135e+24
1.613e+01 6.752e+23 7.263e+24
1.681e+01 6.603e+23 7.402e+24
1.752e+01 6.465e+23 7.553e+24
1.826e+01 6.337e+23 7.716e+24
1.903e+01 6.218e+23 7.892e+24
1.984e+01 6.107e+23 8.078e+24
2.068e+01 6.004e+23 8.277e+24
2.155e+01 5.906e+23 8.486e+24
2.246e+01 5.815e+23 8.708e+24
2.341e+01 5.728e+23 8.940e+24
2.440e+01 5.647e+23 9.185e+24
2.543e+01 5.570e+23 9.442e+24
2.650e+01 5.496e+23 9.710e+24
2.762e+01 5.424e+23 9.988e+24
2.878e+01 5.357e+23 1.028e+25
3.000e+01 5.291e+23 1.058e+25
