Journal of Physical and Chemical Reference Data 35, 31 (2006); https://doi.org/10.1063/1.1937426



ELASTIC
N2
 1.950000e-5
SPECIES: e / N2
PROCESS: E + N2 -> E + N2, Elastic
PARAM.:  m/M = 0.0000195
COMMENT: Total scattering (Table 2, Fig 2).
UPDATED: 2022-06-24
COLUMNS: Energy (eV) | Cross section (m2)
-----------------------------
 1.000000e-1	4.880000e-20
 1.200000e-1	5.130000e-20
 1.500000e-1	5.560000e-20
 1.700000e-1	5.850000e-20
 2.000000e-1	6.250000e-20
 2.500000e-1	6.840000e-20
 3.000000e-1	7.320000e-20
 3.500000e-1	7.720000e-20
 4.000000e-1	8.060000e-20
 4.500000e-1	8.330000e-20
 5.000000e-1	8.610000e-20
 6.000000e-1	8.960000e-20
 7.000000e-1	9.250000e-20
 8.000000e-1	9.480000e-20
 9.000000e-1	9.660000e-20
 1.000000e+0	9.850000e-20
 1.200000e+0	1.020000e-19
 1.500000e+0	1.120000e-19
 1.700000e+0	1.330000e-19
 2.000000e+0	2.570000e-19
 2.500000e+0	2.850000e-19
 2.990000e+0    19.90000e-20
 3.040000e+0    22.00000e-20
 3.080000e+0    23.20000e-20
 3.130000e+0    22.70000e-20
 3.180000e+0    22.40000e-20
 3.220000e+0    23.40000e-20
 3.250000e+0    25.10000e-20
 3.280000e+0    26.70000e-20
 3.310000e+0    27.90000e-20
 3.390000e+0    25.20000e-20
 3.490000e+0    29.60000e-20
 3.540000e+0    32.30000e-20
 3.660000e+0    26.30000e-20
 3.690000e+0    27.70000e-20
 3.780000e+0    33.40000e-20
 3.840000e+0    28.40000e-20
 3.890000e+0    24.50000e-20
 3.910000e+0    23.80000e-20
 3.980000e+0    25.80000e-20
 4.010000e+0    26.00000e-20
 4.040000e+0    25.10000e-20
 4.060000e+0    23.20000e-20
 4.080000e+0    22.80000e-20
 4.090000e+0    21.50000e-20
 4.140000e+0    18.10000e-20
 4.190000e+0    15.90000e-20
 4.250000e+0    14.10000e-20
 4.300000e+0    13.20000e-20
 4.400000e+0    11.80000e-20
 4.490000e+0    11.00000e-20
 4.500000e+0	1.230000e-19
 5.000000e+0	1.180000e-19
 6.000000e+0	1.140000e-19
 7.000000e+0	1.140000e-19
 8.000000e+0	1.150000e-19
 9.000000e+0	1.170000e-19
 1.000000e+1	1.200000e-19
 1.200000e+1	1.240000e-19
 1.500000e+1	1.320000e-19
 1.700000e+1	1.350000e-19
 2.000000e+1	1.370000e-19
 2.500000e+1	1.350000e-19
 3.000000e+1	1.300000e-19
 3.500000e+1	1.240000e-19
 4.000000e+1	1.200000e-19
 4.500000e+1	1.160000e-19
 5.000000e+1	1.130000e-19
 6.000000e+1	1.070000e-19
 7.000000e+1	1.020000e-19
 8.000000e+1	9.720000e-20
 9.000000e+1	9.300000e-20
 1.000000e+2	8.940000e-20
 1.200000e+2	8.330000e-20
 1.500000e+2	7.480000e-20
 1.700000e+2	7.020000e-20
 2.000000e+2	6.430000e-20
 2.500000e+2	5.660000e-20
 3.000000e+2	5.040000e-20
 3.500000e+2	4.540000e-20
 4.000000e+2	4.150000e-20
 4.500000e+2	3.820000e-20
 5.000000e+2	3.550000e-20
 6.000000e+2	3.140000e-20
 7.000000e+2	2.790000e-20
 8.000000e+2	2.550000e-20
 9.000000e+2	2.320000e-20
 1.000000e+3	2.130000e-20
-----------------------------

ELASTIC
N2
 1.950000e-5
SPECIES: e / N2
PROCESS: E + N2 -> E + N2, Elastic
PARAM.:  m/M = 0.0000195
COMMENT: Elastic scattering (Table 3), 1-4 eV need resolution
UPDATED: 2012-10-17 14:25:29
COLUMNS: Energy (eV) | Cross section (m2)
-----------------------------
 5.500000e-1	8.390000e-20
 7.000000e-1	9.030000e-20
 9.000000e-1	9.620000e-20
 1.000000e+0	9.830000e-20
 1.500000e+0	1.053000e-19
 2.000000e+0	1.793000e-19
 2.200000e+0	1.950000e-19
 2.350000e+0	2.050000e-19
 2.500000e+0	2.100000e-19
 2.700000e+0	1.750000e-19
 3.000000e+0	1.500000e-19
 4.000000e+0	1.160000e-19
 5.000000e+0	1.075000e-19
 6.000000e+0	1.060000e-19
 8.000000e+0	1.060000e-19
 1.000000e+1	1.140000e-19
 1.500000e+1	1.180000e-19
 2.000000e+1	1.115000e-19
 2.500000e+1	1.025000e-19
 3.000000e+1	9.650000e-20
 4.000000e+1	8.850000e-20
 5.000000e+1	8.200000e-20
 6.000000e+1	7.400000e-20
 8.000000e+1	6.250000e-20
 1.000000e+2	5.600000e-20
 1.200000e+2	4.900000e-20
 1.500000e+2	4.200000e-20
 2.000000e+2	3.500000e-20
 2.500000e+2	3.000000e-20
 3.000000e+2	2.650000e-20
 4.000000e+2	2.150000e-20
 5.000000e+2	1.850000e-20
 6.000000e+2	1.600000e-20
 8.000000e+2	1.250000e-20
 1.000000e+3	1.000000e-20
-----------------------------


ELASTIC
N2
 1.950000e-5
SPECIES: e / N2
PROCESS: E + N2 -> E + N2, Elastic
PARAM.:  m/M = 0.0000195
COMMENT: Elastic Momentum Transfer (Table 4), 1-4 eV need resolution
UPDATED: 2012-10-17 14:25:29
COLUMNS: Energy (eV) | Cross section (m2)
-----------------------------
 0.000000e+0	1.357000e-20
 1.000000e-3	1.357000e-20
 1.500000e-3	1.426000e-20
 1.800000e-3	1.464000e-20
 2.000000e-3	1.490000e-20
 2.500000e-3	1.550000e-20
 3.000000e-3	1.620000e-20
 4.000000e-3	1.718000e-20
 5.000000e-3	1.810000e-20
 6.000000e-3	1.908000e-20
 7.000000e-3	2.000000e-20
 8.000000e-3	2.062000e-20
 9.000000e-3	2.131000e-20
 1.000000e-2	2.190000e-20
 1.200000e-2	2.342000e-20
 1.500000e-2	2.550000e-20
 1.800000e-2	2.729000e-20
 2.000000e-2	2.850000e-20
 2.500000e-2	3.120000e-20
 3.000000e-2	3.400000e-20
 4.000000e-2	3.850000e-20
 5.000000e-2	4.330000e-20
 6.000000e-2	4.720000e-20
 7.000000e-2	5.100000e-20
 8.000000e-2	5.410000e-20
 9.000000e-2	5.690000e-20
 1.000000e-1	5.950000e-20
 1.200000e-1	6.450000e-20
 1.500000e-1	7.100000e-20
 1.800000e-1	7.590000e-20
 2.000000e-1	7.900000e-20
 2.500000e-1	8.500000e-20
 3.000000e-1	9.000000e-20
 4.000000e-1	9.700000e-20
 5.000000e-1	1.016000e-19
 6.000000e-1	1.065000e-19
 7.000000e-1	1.087000e-19
 8.000000e-1	1.100000e-19
 9.000000e-1	1.103000e-19
 1.000000e+0	1.107000e-19
 1.500000e+0	1.112000e-19
 1.920000e+0	1.740000e-19
 1.980000e+0	1.803000e-19
 2.460000e+0	1.665000e-19
 2.605000e+0	1.238000e-19
 4.000000e+0	1.090000e-19
 5.000000e+0	9.900000e-20
 6.000000e+0	9.450000e-20
 7.000000e+0	9.290000e-20
 8.000000e+0	9.190000e-20
 9.000000e+0	9.290000e-20
 1.000000e+1	9.450000e-20
 1.200000e+1	9.840000e-20
 1.500000e+1	9.970000e-20
 1.800000e+1	9.070000e-20
 2.000000e+1	8.200000e-20
 2.500000e+1	7.250000e-20
 3.000000e+1	6.800000e-20
 4.000000e+1	6.310000e-20
 5.000000e+1	5.600000e-20
 6.000000e+1	4.510000e-20
 7.000000e+1	3.590000e-20
 8.000000e+1	2.940000e-20
 9.000000e+1	2.500000e-20
 1.000000e+2	2.190000e-20
-----------------------------

EXCITATION
N2 -> N2(J02)
 1.450000e-3
SPECIES: e / N2
PROCESS: E + N2 -> E + N2(J02), Excitation
PARAM.:  E = 0.00145 eV
COMMENT: Rotational j=0=>2 (Table 5).
COMMENT: Edited name to reflect state transition more clearly
UPDATED: 2022-06-24
COLUMNS: Energy (eV) | Cross section (m2)
-----------------------------
 1.450000e-3	0.000000e+0
 1.500000e-3	4.300000e-22
 1.700000e-3	1.340000e-21
 2.000000e-3	1.900000e-21
 2.500000e-3	2.360000e-21
 3.000000e-3	2.620000e-21
 3.500000e-3	2.780000e-21
 4.000000e-3	2.900000e-21
 4.500000e-3	2.980000e-21
 5.000000e-3	3.050000e-21
 5.500000e-3	3.090000e-21
 6.000000e-3	3.130000e-21
 7.000000e-3	3.190000e-21
 8.000000e-3	3.240000e-21
 9.000000e-3	3.270000e-21
 1.000000e-2	3.290000e-21
 1.500000e-2	3.350000e-21
 2.000000e-2	3.370000e-21
 3.000000e-2	3.380000e-21
 4.000000e-2	3.380000e-21
 6.000000e-2	3.380000e-21
 8.000000e-2	3.390000e-21
 1.000000e-1	3.400000e-21
 1.200000e-1	3.420000e-21
 1.400000e-1	3.440000e-21
 1.600000e-1	3.460000e-21
 2.000000e-1	3.510000e-21
 3.500000e-1	3.750000e-21
 5.500000e-1	4.150000e-21
 7.000000e-1	4.500000e-21
 8.000000e-1	4.750000e-21
 1.000000e+0	5.290000e-21
 1.250000e+0	6.080000e-21
-----------------------------

