BOLSIG+ version: 11/2019
Collision input data:
--------------------------------------------------
Ar                                                              
C:\Users\smpey\Downloads\argon_COMSOL.txt
--------------------------------------------------
Ar*                                                             
C:\Users\smpey\Downloads\argon_COMSOL.txt
 
 
 
Angular frequency / N (m3/s)               0.000    
Cosine of E-B field angle                  0.000    
Gas temperature (K)                        300.0    
Excitation temperature (K)                 300.0    
Transition energy (eV)                     0.000    
Ionization degree                          0.000    
Plasma density (1/m3)                     0.1000E+19
Ion charge parameter                       0.000    
Ion/neutral mass ratio                     1.000    
Coulomb collision model                    1.000    
Energy sharing                             1.000    
Growth model                               1.000    
# of grid points                           100.0    
Grid type                                  0.000    
Precision                                 0.1000E-09
Convergence                               0.1000E-04
Maximum # of iterations                    2000.    
Mole fraction Ar                           1.000    
Mole fraction Ar*                          0.000    
 
 
Energy (eV) 	Electric field / N (Td)                                         
0.4995E-01	0.2189E-02
1.068	0.2751
2.087	3.283
3.105	21.44
4.123	61.71
5.142	120.4
6.160	190.5
7.179	266.0
8.197	342.7
9.215	418.3
10.23	491.2
11.25	560.8
12.27	626.7
13.29	689.0
14.31	747.7
15.33	803.0
16.34	855.1
17.36	904.1
18.38	950.1
19.40	994.4
20.42	1035.
21.44	1075.
22.45	1112.
23.47	1148.
24.49	1181.
25.51	1213.
26.53	1244.
27.55	1273.
28.56	1301.
29.58	1328.
30.60	1354.
31.62	1379.
32.64	1402.
33.66	1425.
34.67	1447.
35.69	1469.
36.71	1489.
37.73	1509.
38.75	1528.
39.77	1546.
40.78	1564.
41.80	1582.
42.82	1598.
43.84	1615.
44.86	1630.
45.88	1645.
46.89	1660.
47.91	1675.
48.93	1689.
49.95	1702.
 
 
Energy (eV) 	Maxwellian mean energy (eV)                                     
0.4995E-01	0.5000E-01
1.068	1.069
2.087	2.089
3.105	3.108
4.123	4.128
5.142	5.147
6.160	6.166
7.179	7.186
8.197	8.205
9.215	9.224
10.23	10.24
11.25	11.26
12.27	12.28
13.29	13.30
14.31	14.32
15.33	15.34
16.34	16.36
17.36	17.38
18.38	18.40
19.40	19.42
20.42	20.44
21.44	21.46
22.45	22.48
23.47	23.50
24.49	24.52
25.51	25.53
26.53	26.55
27.55	27.57
28.56	28.59
29.58	29.61
30.60	30.63
31.62	31.65
32.64	32.67
33.66	33.69
34.67	34.71
35.69	35.73
36.71	36.75
37.73	37.77
38.75	38.79
39.77	39.81
40.78	40.83
41.80	41.84
42.82	42.86
43.84	43.88
44.86	44.90
45.88	45.92
46.89	46.94
47.91	47.96
48.93	48.98
49.95	50.00
 
 
Energy (eV) 	Maximum energy                                                  
0.4995E-01	-1.000
1.068	0.8009
2.087	17.13
3.105	33.46
4.123	49.78
5.142	66.11
6.160	82.44
7.179	98.77
8.197	115.1
9.215	131.4
10.23	147.8
11.25	164.1
12.27	180.4
13.29	196.7
14.31	213.1
15.33	229.4
16.34	245.7
17.36	262.0
18.38	278.4
19.40	294.7
20.42	311.0
21.44	327.4
22.45	343.7
23.47	360.0
24.49	376.3
25.51	392.7
26.53	409.0
27.55	425.3
28.56	441.7
29.58	458.0
30.60	474.3
31.62	490.6
32.64	507.0
33.66	523.3
34.67	539.6
35.69	555.9
36.71	572.3
37.73	588.6
38.75	604.9
39.77	621.3
40.78	637.6
41.80	653.9
42.82	670.2
43.84	686.6
44.86	702.9
45.88	719.2
46.89	735.6
47.91	751.9
48.93	768.2
49.95	784.5
 
 
Energy (eV)	Mean energy (eV)
0.4995E-01	0.4995E-01
1.068	1.068
2.087	2.087
3.105	3.105
4.123	4.123
5.142	5.142
6.160	6.160
7.179	7.179
8.197	8.197
9.215	9.215
10.23	10.23
11.25	11.25
12.27	12.27
13.29	13.29
14.31	14.31
15.33	15.33
16.34	16.34
17.36	17.36
18.38	18.38
19.40	19.40
20.42	20.42
21.44	21.44
22.45	22.45
23.47	23.47
24.49	24.49
25.51	25.51
26.53	26.53
27.55	27.55
28.56	28.56
29.58	29.58
30.60	30.60
31.62	31.62
32.64	32.64
33.66	33.66
34.67	34.67
35.69	35.69
36.71	36.71
37.73	37.73
38.75	38.75
39.77	39.77
40.78	40.78
41.80	41.80
42.82	42.82
43.84	43.84
44.86	44.86
45.88	45.88
46.89	46.89
47.91	47.91
48.93	48.93
49.95	49.95
 
 
Energy (eV)	Mobility *N (1/m/V/s)
0.4995E-01	0.1059E+27
1.068	0.8103E+25
2.087	0.2936E+25
3.105	0.1685E+25
4.123	0.1218E+25
5.142	0.9985E+24
6.160	0.8782E+24
7.179	0.8057E+24
8.197	0.7586E+24
9.215	0.7255E+24
10.23	0.7023E+24
11.25	0.6846E+24
12.27	0.6714E+24
13.29	0.6608E+24
14.31	0.6522E+24
15.33	0.6452E+24
16.34	0.6393E+24
17.36	0.6345E+24
18.38	0.6308E+24
19.40	0.6264E+24
20.42	0.6237E+24
21.44	0.6206E+24
22.45	0.6183E+24
23.47	0.6158E+24
24.49	0.6138E+24
25.51	0.6119E+24
26.53	0.6103E+24
27.55	0.6085E+24
28.56	0.6069E+24
29.58	0.6057E+24
30.60	0.6043E+24
31.62	0.6027E+24
32.64	0.6018E+24
33.66	0.6005E+24
34.67	0.5995E+24
35.69	0.5984E+24
36.71	0.5973E+24
37.73	0.5964E+24
38.75	0.5956E+24
39.77	0.5947E+24
40.78	0.5937E+24
41.80	0.5929E+24
42.82	0.5922E+24
43.84	0.5913E+24
44.86	0.5906E+24
45.88	0.5900E+24
46.89	0.5893E+24
47.91	0.5885E+24
48.93	0.5879E+24
49.95	0.5873E+24
 
 
Energy (eV)	Diffusion coefficient *N (1/m/s)
0.4995E-01	0.3526E+25
1.068	0.5771E+25
2.087	0.4084E+25
3.105	0.3488E+25
4.123	0.3348E+25
5.142	0.3423E+25
6.160	0.3607E+25
7.179	0.3856E+25
8.197	0.4146E+25
9.215	0.4457E+25
10.23	0.4792E+25
11.25	0.5136E+25
12.27	0.5492E+25
13.29	0.5854E+25
14.31	0.6221E+25
15.33	0.6592E+25
16.34	0.6966E+25
17.36	0.7344E+25
18.38	0.7730E+25
19.40	0.8102E+25
20.42	0.8490E+25
21.44	0.8868E+25
22.45	0.9256E+25
23.47	0.9636E+25
24.49	0.1002E+26
25.51	0.1041E+26
26.53	0.1079E+26
27.55	0.1117E+26
28.56	0.1156E+26
29.58	0.1194E+26
30.60	0.1233E+26
31.62	0.1271E+26
32.64	0.1309E+26
33.66	0.1347E+26
34.67	0.1386E+26
35.69	0.1424E+26
36.71	0.1462E+26
37.73	0.1500E+26
38.75	0.1539E+26
39.77	0.1577E+26
40.78	0.1614E+26
41.80	0.1652E+26
42.82	0.1691E+26
43.84	0.1728E+26
44.86	0.1766E+26
45.88	0.1804E+26
46.89	0.1842E+26
47.91	0.1880E+26
48.93	0.1918E+26
49.95	0.1956E+26
 
 
Energy (eV)	Energy mobility *N (1/m/V/s)
0.4995E-01	0.3930E+27
1.068	0.2114E+26
2.087	0.7031E+25
3.105	0.3790E+25
4.123	0.2507E+25
5.142	0.1889E+25
6.160	0.1558E+25
7.179	0.1365E+25
8.197	0.1246E+25
9.215	0.1167E+25
10.23	0.1113E+25
11.25	0.1073E+25
12.27	0.1043E+25
13.29	0.1019E+25
14.31	0.9994E+24
15.33	0.9825E+24
16.34	0.9676E+24
17.36	0.9545E+24
18.38	0.9428E+24
19.40	0.9314E+24
20.42	0.9213E+24
21.44	0.9115E+24
22.45	0.9025E+24
23.47	0.8938E+24
24.49	0.8856E+24
25.51	0.8779E+24
26.53	0.8704E+24
27.55	0.8632E+24
28.56	0.8563E+24
29.58	0.8497E+24
30.60	0.8434E+24
31.62	0.8371E+24
32.64	0.8314E+24
33.66	0.8256E+24
34.67	0.8203E+24
35.69	0.8149E+24
36.71	0.8098E+24
37.73	0.8049E+24
38.75	0.8002E+24
39.77	0.7957E+24
40.78	0.7912E+24
41.80	0.7869E+24
42.82	0.7829E+24
43.84	0.7787E+24
44.86	0.7748E+24
45.88	0.7712E+24
46.89	0.7675E+24
47.91	0.7640E+24
48.93	0.7606E+24
49.95	0.7573E+24
 
 
Energy (eV)	Energy diffusion coef. *N (1/m/s)
0.4995E-01	0.5877E+25
1.068	0.9619E+25
2.087	0.6806E+25
3.105	0.5814E+25
4.123	0.5581E+25
5.142	0.5704E+25
6.160	0.6011E+25
7.179	0.6426E+25
8.197	0.6909E+25
9.215	0.7429E+25
10.23	0.7986E+25
11.25	0.8559E+25
12.27	0.9153E+25
13.29	0.9757E+25
14.31	0.1037E+26
15.33	0.1099E+26
16.34	0.1161E+26
17.36	0.1224E+26
18.38	0.1288E+26
19.40	0.1350E+26
20.42	0.1415E+26
21.44	0.1478E+26
22.45	0.1543E+26
23.47	0.1606E+26
24.49	0.1670E+26
25.51	0.1734E+26
26.53	0.1799E+26
27.55	0.1862E+26
28.56	0.1926E+26
29.58	0.1991E+26
30.60	0.2055E+26
31.62	0.2118E+26
32.64	0.2182E+26
33.66	0.2246E+26
34.67	0.2310E+26
35.69	0.2373E+26
36.71	0.2436E+26
37.73	0.2500E+26
38.75	0.2564E+26
39.77	0.2628E+26
40.78	0.2690E+26
41.80	0.2754E+26
42.82	0.2818E+26
43.84	0.2880E+26
44.86	0.2944E+26
45.88	0.3007E+26
46.89	0.3070E+26
47.91	0.3133E+26
48.93	0.3196E+26
49.95	0.3260E+26
 
 
Energy (eV)	Total collision freq. /N (m3/s)
0.4995E-01	0.2157E-14
1.068	0.1074E-13
2.087	0.2979E-13
3.105	0.5362E-13
4.123	0.7851E-13
5.142	0.1018E-12
6.160	0.1225E-12
7.179	0.1404E-12
8.197	0.1558E-12
9.215	0.1689E-12
10.23	0.1802E-12
11.25	0.1900E-12
12.27	0.1985E-12
13.29	0.2059E-12
14.31	0.2124E-12
15.33	0.2182E-12
16.34	0.2233E-12
17.36	0.2279E-12
18.38	0.2320E-12
19.40	0.2357E-12
20.42	0.2391E-12
21.44	0.2422E-12
22.45	0.2450E-12
23.47	0.2476E-12
24.49	0.2499E-12
25.51	0.2521E-12
26.53	0.2542E-12
27.55	0.2561E-12
28.56	0.2578E-12
29.58	0.2595E-12
30.60	0.2610E-12
31.62	0.2625E-12
32.64	0.2639E-12
33.66	0.2652E-12
34.67	0.2664E-12
35.69	0.2676E-12
36.71	0.2687E-12
37.73	0.2697E-12
38.75	0.2707E-12
39.77	0.2717E-12
40.78	0.2726E-12
41.80	0.2734E-12
42.82	0.2743E-12
43.84	0.2751E-12
44.86	0.2758E-12
45.88	0.2766E-12
46.89	0.2773E-12
47.91	0.2779E-12
48.93	0.2786E-12
49.95	0.2792E-12
 
 
Energy (eV)	Momentum frequency /N (m3/s)
0.4995E-01	0.1661E-14
1.068	0.2170E-13
2.087	0.5991E-13
3.105	0.1044E-12
4.123	0.1444E-12
5.142	0.1761E-12
6.160	0.2003E-12
7.179	0.2183E-12
8.197	0.2318E-12
9.215	0.2424E-12
10.23	0.2504E-12
11.25	0.2569E-12
12.27	0.2620E-12
13.29	0.2662E-12
14.31	0.2697E-12
15.33	0.2726E-12
16.34	0.2751E-12
17.36	0.2772E-12
18.38	0.2788E-12
19.40	0.2808E-12
20.42	0.2820E-12
21.44	0.2834E-12
22.45	0.2845E-12
23.47	0.2856E-12
24.49	0.2866E-12
25.51	0.2874E-12
26.53	0.2882E-12
27.55	0.2890E-12
28.56	0.2898E-12
29.58	0.2904E-12
30.60	0.2911E-12
31.62	0.2918E-12
32.64	0.2923E-12
33.66	0.2929E-12
34.67	0.2934E-12
35.69	0.2939E-12
36.71	0.2945E-12
37.73	0.2949E-12
38.75	0.2953E-12
39.77	0.2957E-12
40.78	0.2962E-12
41.80	0.2967E-12
42.82	0.2970E-12
43.84	0.2974E-12
44.86	0.2978E-12
45.88	0.2981E-12
46.89	0.2985E-12
47.91	0.2989E-12
48.93	0.2992E-12
49.95	0.2995E-12
 
 
Energy (eV)	Total ionization freq. /N (m3/s)
0.4995E-01	0.000
1.068	0.1364E-23
2.087	0.2314E-18
3.105	0.1297E-16
4.123	0.1054E-15
5.142	0.3856E-15
6.160	0.9376E-15
7.179	0.1796E-14
8.197	0.2955E-14
9.215	0.4386E-14
10.23	0.6048E-14
11.25	0.7900E-14
12.27	0.9904E-14
13.29	0.1202E-13
14.31	0.1423E-13
15.33	0.1650E-13
16.34	0.1880E-13
17.36	0.2114E-13
18.38	0.2348E-13
19.40	0.2582E-13
20.42	0.2815E-13
21.44	0.3047E-13
22.45	0.3276E-13
23.47	0.3503E-13
24.49	0.3728E-13
25.51	0.3948E-13
26.53	0.4166E-13
27.55	0.4380E-13
28.56	0.4591E-13
29.58	0.4798E-13
30.60	0.5001E-13
31.62	0.5201E-13
32.64	0.5397E-13
33.66	0.5589E-13
34.67	0.5778E-13
35.69	0.5963E-13
36.71	0.6144E-13
37.73	0.6322E-13
38.75	0.6497E-13
39.77	0.6669E-13
40.78	0.6837E-13
41.80	0.7002E-13
42.82	0.7163E-13
43.84	0.7322E-13
44.86	0.7478E-13
45.88	0.7630E-13
46.89	0.7780E-13
47.91	0.7927E-13
48.93	0.8072E-13
49.95	0.8213E-13
 
 
Energy (eV)	Townsend ioniz. coef. alpha/N (m2)
0.4995E-01	0.000
1.068	0.6119E-27
2.087	0.2401E-22
3.105	0.3589E-21
4.123	0.1402E-20
5.142	0.3208E-20
6.160	0.5604E-20
7.179	0.8381E-20
8.197	0.1137E-19
9.215	0.1445E-19
10.23	0.1753E-19
11.25	0.2058E-19
12.27	0.2354E-19
13.29	0.2641E-19
14.31	0.2918E-19
15.33	0.3184E-19
16.34	0.3440E-19
17.36	0.3684E-19
18.38	0.3918E-19
19.40	0.4145E-19
20.42	0.4359E-19
21.44	0.4568E-19
22.45	0.4766E-19
23.47	0.4958E-19
24.49	0.5142E-19
25.51	0.5319E-19
26.53	0.5489E-19
27.55	0.5654E-19
28.56	0.5813E-19
29.58	0.5965E-19
30.60	0.6113E-19
31.62	0.6258E-19
32.64	0.6395E-19
33.66	0.6530E-19
34.67	0.6659E-19
35.69	0.6785E-19
36.71	0.6908E-19
37.73	0.7026E-19
38.75	0.7140E-19
39.77	0.7252E-19
40.78	0.7361E-19
41.80	0.7467E-19
42.82	0.7568E-19
43.84	0.7669E-19
44.86	0.7766E-19
45.88	0.7860E-19
46.89	0.7952E-19
47.91	0.8042E-19
48.93	0.8130E-19
49.95	0.8215E-19
 
 
Energy (eV)	Power /N (eV m3/s)
0.4995E-01	0.5075E-21
1.068	0.6133E-18
2.087	0.3163E-16
3.105	0.7747E-15
4.123	0.4638E-14
5.142	0.1447E-13
6.160	0.3187E-13
7.179	0.5699E-13
8.197	0.8908E-13
9.215	0.1270E-12
10.23	0.1694E-12
11.25	0.2153E-12
12.27	0.2637E-12
13.29	0.3137E-12
14.31	0.3646E-12
15.33	0.4160E-12
16.34	0.4675E-12
17.36	0.5187E-12
18.38	0.5694E-12
19.40	0.6194E-12
20.42	0.6687E-12
21.44	0.7170E-12
22.45	0.7644E-12
23.47	0.8109E-12
24.49	0.8563E-12
25.51	0.9007E-12
26.53	0.9440E-12
27.55	0.9864E-12
28.56	0.1028E-11
29.58	0.1068E-11
30.60	0.1107E-11
31.62	0.1146E-11
32.64	0.1183E-11
33.66	0.1220E-11
34.67	0.1256E-11
35.69	0.1291E-11
36.71	0.1325E-11
37.73	0.1358E-11
38.75	0.1390E-11
39.77	0.1422E-11
40.78	0.1453E-11
41.80	0.1483E-11
42.82	0.1513E-11
43.84	0.1542E-11
44.86	0.1570E-11
45.88	0.1597E-11
46.89	0.1624E-11
47.91	0.1651E-11
48.93	0.1677E-11
49.95	0.1702E-11
 
 
Energy (eV)	Elastic power loss /N (eV m3/s)
0.4995E-01	0.5075E-21
1.068	0.6083E-18
2.087	0.3340E-17
3.105	0.8713E-17
4.123	0.1606E-16
5.142	0.2448E-16
6.160	0.3338E-16
7.179	0.4245E-16
8.197	0.5154E-16
9.215	0.6058E-16
10.23	0.6956E-16
11.25	0.7846E-16
12.27	0.8730E-16
13.29	0.9609E-16
14.31	0.1048E-15
15.33	0.1135E-15
16.34	0.1222E-15
17.36	0.1308E-15
18.38	0.1394E-15
19.40	0.1480E-15
20.42	0.1566E-15
21.44	0.1652E-15
22.45	0.1737E-15
23.47	0.1823E-15
24.49	0.1909E-15
25.51	0.1995E-15
26.53	0.2080E-15
27.55	0.2166E-15
28.56	0.2252E-15
29.58	0.2338E-15
30.60	0.2424E-15
31.62	0.2510E-15
32.64	0.2596E-15
33.66	0.2682E-15
34.67	0.2769E-15
35.69	0.2855E-15
36.71	0.2942E-15
37.73	0.3028E-15
38.75	0.3115E-15
39.77	0.3202E-15
40.78	0.3288E-15
41.80	0.3375E-15
42.82	0.3462E-15
43.84	0.3549E-15
44.86	0.3636E-15
45.88	0.3723E-15
46.89	0.3811E-15
47.91	0.3898E-15
48.93	0.3985E-15
49.95	0.4073E-15
 
 
Energy (eV)	Inelastic power loss /N (eV m3/s)
0.4995E-01	-0.9280-208
1.068	0.5022E-20
2.087	0.2829E-16
3.105	0.7660E-15
4.123	0.4622E-14
5.142	0.1445E-13
6.160	0.3184E-13
7.179	0.5695E-13
8.197	0.8903E-13
9.215	0.1269E-12
10.23	0.1694E-12
11.25	0.2153E-12
12.27	0.2636E-12
13.29	0.3136E-12
14.31	0.3645E-12
15.33	0.4159E-12
16.34	0.4673E-12
17.36	0.5185E-12
18.38	0.5692E-12
19.40	0.6193E-12
20.42	0.6685E-12
21.44	0.7169E-12
22.45	0.7643E-12
23.47	0.8107E-12
24.49	0.8561E-12
25.51	0.9005E-12
26.53	0.9438E-12
27.55	0.9862E-12
28.56	0.1028E-11
29.58	0.1068E-11
30.60	0.1107E-11
31.62	0.1146E-11
32.64	0.1183E-11
33.66	0.1220E-11
34.67	0.1255E-11
35.69	0.1290E-11
36.71	0.1324E-11
37.73	0.1358E-11
38.75	0.1390E-11
39.77	0.1422E-11
40.78	0.1453E-11
41.80	0.1483E-11
42.82	0.1512E-11
43.84	0.1541E-11
44.86	0.1569E-11
45.88	0.1597E-11
46.89	0.1624E-11
47.91	0.1650E-11
48.93	0.1676E-11
49.95	0.1702E-11
 
 
Energy (eV)	Maximum energy
0.4995E-01	0.8009
1.068	17.13
2.087	33.46
3.105	49.78
4.123	66.11
5.142	82.44
6.160	98.77
7.179	115.1
8.197	131.4
9.215	147.8
10.23	164.1
11.25	180.4
12.27	196.7
13.29	213.1
14.31	229.4
15.33	245.7
16.34	262.0
17.36	278.4
18.38	294.7
19.40	311.0
20.42	327.4
21.44	343.7
22.45	360.0
23.47	376.3
24.49	392.7
25.51	409.0
26.53	425.3
27.55	441.7
28.56	458.0
29.58	474.3
30.60	490.6
31.62	507.0
32.64	523.3
33.66	539.6
34.67	555.9
35.69	572.3
36.71	588.6
37.73	604.9
38.75	621.3
39.77	637.6
40.78	653.9
41.80	670.2
42.82	686.6
43.84	702.9
44.86	719.2
45.88	735.6
46.89	751.9
47.91	768.2
48.93	784.5
49.95	800.9
 
 
Energy (eV)	# of iterations
0.4995E-01	1.000
1.068	1.000
2.087	1.000
3.105	1.000
4.123	1.000
5.142	1.000
6.160	1.000
7.179	1.000
8.197	1.000
9.215	1.000
10.23	1.000
11.25	1.000
12.27	1.000
13.29	1.000
14.31	1.000
15.33	1.000
16.34	1.000
17.36	1.000
18.38	1.000
19.40	1.000
20.42	1.000
21.44	1.000
22.45	1.000
23.47	1.000
24.49	1.000
25.51	1.000
26.53	1.000
27.55	1.000
28.56	1.000
29.58	1.000
30.60	1.000
31.62	1.000
32.64	1.000
33.66	1.000
34.67	1.000
35.69	1.000
36.71	1.000
37.73	1.000
38.75	1.000
39.77	1.000
40.78	1.000
41.80	1.000
42.82	1.000
43.84	1.000
44.86	1.000
45.88	1.000
46.89	1.000
47.91	1.000
48.93	1.000
49.95	1.000
 
 
Energy (eV)	# of grid trials
0.4995E-01	1.000
1.068	1.000
2.087	1.000
3.105	1.000
4.123	1.000
5.142	1.000
6.160	1.000
7.179	1.000
8.197	1.000
9.215	1.000
10.23	1.000
11.25	1.000
12.27	1.000
13.29	1.000
14.31	1.000
15.33	1.000
16.34	1.000
17.36	1.000
18.38	1.000
19.40	1.000
20.42	1.000
21.44	1.000
22.45	1.000
23.47	1.000
24.49	1.000
25.51	1.000
26.53	1.000
27.55	1.000
28.56	1.000
29.58	1.000
30.60	1.000
31.62	1.000
32.64	1.000
33.66	1.000
34.67	1.000
35.69	1.000
36.71	1.000
37.73	1.000
38.75	1.000
39.77	1.000
40.78	1.000
41.80	1.000
42.82	1.000
43.84	1.000
44.86	1.000
45.88	1.000
46.89	1.000
47.91	1.000
48.93	1.000
49.95	1.000
 
 
C1    Ar    Elastic                                             
Energy (eV)	Rate coefficient (m3/s)
0.4995E-01	0.2157E-14
1.068	0.1074E-13
2.087	0.2979E-13
3.105	0.5356E-13
4.123	0.7815E-13
5.142	0.1007E-12
6.160	0.1201E-12
7.179	0.1361E-12
8.197	0.1491E-12
9.215	0.1595E-12
10.23	0.1678E-12
11.25	0.1742E-12
12.27	0.1793E-12
13.29	0.1831E-12
14.31	0.1860E-12
15.33	0.1882E-12
16.34	0.1897E-12
17.36	0.1907E-12
18.38	0.1913E-12
19.40	0.1915E-12
20.42	0.1915E-12
21.44	0.1912E-12
22.45	0.1907E-12
23.47	0.1901E-12
24.49	0.1894E-12
25.51	0.1886E-12
26.53	0.1876E-12
27.55	0.1867E-12
28.56	0.1856E-12
29.58	0.1845E-12
30.60	0.1834E-12
31.62	0.1823E-12
32.64	0.1811E-12
33.66	0.1799E-12
34.67	0.1788E-12
35.69	0.1776E-12
36.71	0.1764E-12
37.73	0.1752E-12
38.75	0.1740E-12
39.77	0.1729E-12
40.78	0.1717E-12
41.80	0.1706E-12
42.82	0.1694E-12
43.84	0.1683E-12
44.86	0.1672E-12
45.88	0.1661E-12
46.89	0.1650E-12
47.91	0.1639E-12
48.93	0.1629E-12
49.95	0.1618E-12
 
 
C2    Ar    Excitation    11.55 eV                              
Energy (eV)	Rate coefficient (m3/s)
0.4995E-01	0.000
1.068	0.4329E-21
2.087	0.2134E-17
3.105	0.4862E-16
4.123	0.2564E-15
5.142	0.7248E-15
6.160	0.1477E-14
7.179	0.2480E-14
8.197	0.3676E-14
9.215	0.5005E-14
10.23	0.6413E-14
11.25	0.7859E-14
12.27	0.9310E-14
13.29	0.1074E-13
14.31	0.1215E-13
15.33	0.1350E-13
16.34	0.1481E-13
17.36	0.1606E-13
18.38	0.1725E-13
19.40	0.1839E-13
20.42	0.1947E-13
21.44	0.2049E-13
22.45	0.2147E-13
23.47	0.2239E-13
24.49	0.2326E-13
25.51	0.2409E-13
26.53	0.2487E-13
27.55	0.2562E-13
28.56	0.2632E-13
29.58	0.2699E-13
30.60	0.2763E-13
31.62	0.2823E-13
32.64	0.2880E-13
33.66	0.2935E-13
34.67	0.2986E-13
35.69	0.3035E-13
36.71	0.3082E-13
37.73	0.3127E-13
38.75	0.3169E-13
39.77	0.3210E-13
40.78	0.3248E-13
41.80	0.3285E-13
42.82	0.3320E-13
43.84	0.3354E-13
44.86	0.3386E-13
45.88	0.3416E-13
46.89	0.3446E-13
47.91	0.3474E-13
48.93	0.3501E-13
49.95	0.3526E-13
 
 
C3    Ar    Ionization    15.76 eV                              
Energy (eV)	Rate coefficient (m3/s)
0.4995E-01	0.000
1.068	0.1364E-23
2.087	0.2314E-18
3.105	0.1297E-16
4.123	0.1054E-15
5.142	0.3856E-15
6.160	0.9376E-15
7.179	0.1796E-14
8.197	0.2955E-14
9.215	0.4386E-14
10.23	0.6048E-14
11.25	0.7900E-14
12.27	0.9904E-14
13.29	0.1202E-13
14.31	0.1423E-13
15.33	0.1650E-13
16.34	0.1880E-13
17.36	0.2114E-13
18.38	0.2348E-13
19.40	0.2582E-13
20.42	0.2815E-13
21.44	0.3047E-13
22.45	0.3276E-13
23.47	0.3503E-13
24.49	0.3728E-13
25.51	0.3948E-13
26.53	0.4166E-13
27.55	0.4380E-13
28.56	0.4591E-13
29.58	0.4798E-13
30.60	0.5001E-13
31.62	0.5201E-13
32.64	0.5397E-13
33.66	0.5589E-13
34.67	0.5778E-13
35.69	0.5963E-13
36.71	0.6144E-13
37.73	0.6322E-13
38.75	0.6497E-13
39.77	0.6669E-13
40.78	0.6837E-13
41.80	0.7002E-13
42.82	0.7163E-13
43.84	0.7322E-13
44.86	0.7478E-13
45.88	0.7630E-13
46.89	0.7780E-13
47.91	0.7927E-13
48.93	0.8072E-13
49.95	0.8213E-13
 
 
C4    Ar*    Ionization    4.21 eV                              
Energy (eV)	Rate coefficient (m3/s)
0.4995E-01	0.000
1.068	0.2912E-15
2.087	0.6704E-14
3.105	0.2042E-13
4.123	0.3624E-13
5.142	0.5142E-13
6.160	0.6502E-13
7.179	0.7688E-13
8.197	0.8711E-13
9.215	0.9590E-13
10.23	0.1035E-12
11.25	0.1100E-12
12.27	0.1156E-12
13.29	0.1205E-12
14.31	0.1248E-12
15.33	0.1285E-12
16.34	0.1317E-12
17.36	0.1345E-12
18.38	0.1370E-12
19.40	0.1392E-12
20.42	0.1411E-12
21.44	0.1428E-12
22.45	0.1442E-12
23.47	0.1455E-12
24.49	0.1467E-12
25.51	0.1477E-12
26.53	0.1485E-12
27.55	0.1493E-12
28.56	0.1499E-12
29.58	0.1505E-12
30.60	0.1510E-12
31.62	0.1514E-12
32.64	0.1517E-12
33.66	0.1520E-12
34.67	0.1522E-12
35.69	0.1524E-12
36.71	0.1526E-12
37.73	0.1527E-12
38.75	0.1527E-12
39.77	0.1527E-12
40.78	0.1527E-12
41.80	0.1527E-12
42.82	0.1527E-12
43.84	0.1526E-12
44.86	0.1525E-12
45.88	0.1524E-12
46.89	0.1522E-12
47.91	0.1521E-12
48.93	0.1519E-12
49.95	0.1518E-12
 
 
C1    Ar    Elastic                                             
Energy (eV)	Inverse rate coefficient (m3/s)
0.4995E-01	0.000
1.068	0.000
2.087	0.000
3.105	0.000
4.123	0.000
5.142	0.000
6.160	0.000
7.179	0.000
8.197	0.000
9.215	0.000
10.23	0.000
11.25	0.000
12.27	0.000
13.29	0.000
14.31	0.000
15.33	0.000
16.34	0.000
17.36	0.000
18.38	0.000
19.40	0.000
20.42	0.000
21.44	0.000
22.45	0.000
23.47	0.000
24.49	0.000
25.51	0.000
26.53	0.000
27.55	0.000
28.56	0.000
29.58	0.000
30.60	0.000
31.62	0.000
32.64	0.000
33.66	0.000
34.67	0.000
35.69	0.000
36.71	0.000
37.73	0.000
38.75	0.000
39.77	0.000
40.78	0.000
41.80	0.000
42.82	0.000
43.84	0.000
44.86	0.000
45.88	0.000
46.89	0.000
47.91	0.000
48.93	0.000
49.95	0.000
 
 
C2    Ar    Excitation    11.55 eV                              
Energy (eV)	Inverse rate coefficient (m3/s)
0.4995E-01	0.8640E-15
1.068	0.4740E-14
2.087	0.8539E-14
3.105	0.1281E-13
4.123	0.1705E-13
5.142	0.2099E-13
6.160	0.2453E-13
7.179	0.2764E-13
8.197	0.3037E-13
9.215	0.3274E-13
10.23	0.3480E-13
11.25	0.3659E-13
12.27	0.3815E-13
13.29	0.3952E-13
14.31	0.4072E-13
15.33	0.4177E-13
16.34	0.4269E-13
17.36	0.4351E-13
18.38	0.4423E-13
19.40	0.4487E-13
20.42	0.4544E-13
21.44	0.4595E-13
22.45	0.4640E-13
23.47	0.4680E-13
24.49	0.4716E-13
25.51	0.4748E-13
26.53	0.4777E-13
27.55	0.4802E-13
28.56	0.4825E-13
29.58	0.4846E-13
30.60	0.4864E-13
31.62	0.4880E-13
32.64	0.4895E-13
33.66	0.4908E-13
34.67	0.4920E-13
35.69	0.4930E-13
36.71	0.4939E-13
37.73	0.4947E-13
38.75	0.4954E-13
39.77	0.4960E-13
40.78	0.4965E-13
41.80	0.4970E-13
42.82	0.4974E-13
43.84	0.4977E-13
44.86	0.4980E-13
45.88	0.4982E-13
46.89	0.4984E-13
47.91	0.4985E-13
48.93	0.4986E-13
49.95	0.4987E-13
 
 
C3    Ar    Ionization    15.76 eV                              
Energy (eV)	Inverse rate coefficient (m3/s)
0.4995E-01	0.000
1.068	0.000
2.087	0.000
3.105	0.000
4.123	0.000
5.142	0.000
6.160	0.000
7.179	0.000
8.197	0.000
9.215	0.000
10.23	0.000
11.25	0.000
12.27	0.000
13.29	0.000
14.31	0.000
15.33	0.000
16.34	0.000
17.36	0.000
18.38	0.000
19.40	0.000
20.42	0.000
21.44	0.000
22.45	0.000
23.47	0.000
24.49	0.000
25.51	0.000
26.53	0.000
27.55	0.000
28.56	0.000
29.58	0.000
30.60	0.000
31.62	0.000
32.64	0.000
33.66	0.000
34.67	0.000
35.69	0.000
36.71	0.000
37.73	0.000
38.75	0.000
39.77	0.000
40.78	0.000
41.80	0.000
42.82	0.000
43.84	0.000
44.86	0.000
45.88	0.000
46.89	0.000
47.91	0.000
48.93	0.000
49.95	0.000
 
 
C4    Ar*    Ionization    4.21 eV                              
Energy (eV)	Inverse rate coefficient (m3/s)
0.4995E-01	0.000
1.068	0.000
2.087	0.000
3.105	0.000
4.123	0.000
5.142	0.000
6.160	0.000
7.179	0.000
8.197	0.000
9.215	0.000
10.23	0.000
11.25	0.000
12.27	0.000
13.29	0.000
14.31	0.000
15.33	0.000
16.34	0.000
17.36	0.000
18.38	0.000
19.40	0.000
20.42	0.000
21.44	0.000
22.45	0.000
23.47	0.000
24.49	0.000
25.51	0.000
26.53	0.000
27.55	0.000
28.56	0.000
29.58	0.000
30.60	0.000
31.62	0.000
32.64	0.000
33.66	0.000
34.67	0.000
35.69	0.000
36.71	0.000
37.73	0.000
38.75	0.000
39.77	0.000
40.78	0.000
41.80	0.000
42.82	0.000
43.84	0.000
44.86	0.000
45.88	0.000
46.89	0.000
47.91	0.000
48.93	0.000
49.95	0.000
 
 
Ar                                                              
Energy (eV)	Inelastic energy loss coefficient (eV m3/s)
0.4995E-01	0.000
1.068	0.5022E-20
2.087	0.2830E-16
3.105	0.7660E-15
4.123	0.4622E-14
5.142	0.1445E-13
6.160	0.3184E-13
7.179	0.5695E-13
8.197	0.8903E-13
9.215	0.1269E-12
10.23	0.1694E-12
11.25	0.2153E-12
12.27	0.2636E-12
13.29	0.3136E-12
14.31	0.3645E-12
15.33	0.4159E-12
16.34	0.4674E-12
17.36	0.5186E-12
18.38	0.5693E-12
19.40	0.6193E-12
20.42	0.6686E-12
21.44	0.7169E-12
22.45	0.7643E-12
23.47	0.8108E-12
24.49	0.8562E-12
25.51	0.9006E-12
26.53	0.9439E-12
27.55	0.9863E-12
28.56	0.1028E-11
29.58	0.1068E-11
30.60	0.1107E-11
31.62	0.1146E-11
32.64	0.1183E-11
33.66	0.1220E-11
34.67	0.1256E-11
35.69	0.1290E-11
36.71	0.1324E-11
37.73	0.1358E-11
38.75	0.1390E-11
39.77	0.1422E-11
40.78	0.1453E-11
41.80	0.1483E-11
42.82	0.1513E-11
43.84	0.1541E-11
44.86	0.1570E-11
45.88	0.1597E-11
46.89	0.1624E-11
47.91	0.1651E-11
48.93	0.1677E-11
49.95	0.1702E-11
 
 
Ar*                                                             
Energy (eV)	Inelastic energy loss coefficient (eV m3/s)
0.4995E-01	0.000
1.068	0.1225E-14
2.087	0.2822E-13
3.105	0.8593E-13
4.123	0.1525E-12
5.142	0.2164E-12
6.160	0.2737E-12
7.179	0.3236E-12
8.197	0.3666E-12
9.215	0.4037E-12
10.23	0.4355E-12
11.25	0.4630E-12
12.27	0.4867E-12
13.29	0.5073E-12
14.31	0.5251E-12
15.33	0.5407E-12
16.34	0.5543E-12
17.36	0.5662E-12
18.38	0.5766E-12
19.40	0.5858E-12
20.42	0.5938E-12
21.44	0.6009E-12
22.45	0.6071E-12
23.47	0.6126E-12
24.49	0.6173E-12
25.51	0.6215E-12
26.53	0.6252E-12
27.55	0.6283E-12
28.56	0.6311E-12
29.58	0.6334E-12
30.60	0.6355E-12
31.62	0.6372E-12
32.64	0.6386E-12
33.66	0.6398E-12
34.67	0.6408E-12
35.69	0.6416E-12
36.71	0.6421E-12
37.73	0.6425E-12
38.75	0.6428E-12
39.77	0.6429E-12
40.78	0.6429E-12
41.80	0.6428E-12
42.82	0.6425E-12
43.84	0.6422E-12
44.86	0.6418E-12
45.88	0.6413E-12
46.89	0.6408E-12
47.91	0.6402E-12
48.93	0.6395E-12
49.95	0.6388E-12
 
 
